63.9
49.7
55.0
66.3
70.8
54.3
58.0
67.3
58.8
64.4
73.4
69.6
75.5
70.8
54.5
59.8
68.8
53.9
62.6
62.4
57.3
66.0
73.1
54.8
54.6
59.1
67.0
66.1
67.7
58.7
69.3
47.0
64.4
65.6
63.0
53.8
63.0
62.9
55.5
64.0
61.9
60.0
58.2
73.2
61.6
69.7
71.4
66.6
53.2
62.7
72.2
54.1
63.8
63.8
59.8
67.5
56.6
62.9
46.8
53.9
62.7
56.9
72.6
64.1
62.9
74.3
57.7
63.6
64.2
65.9
56.8
61.3
71.8
68.1
65.0
64.8
61.2
49.1
61.0
60.0
59.7
65.4
65.5
65.8
65.6
66.1
52.9
72.6
64.5
51.1
52.5
70.6
57.0
56.2
68.9
63.9
49.9
62.9
56.4
60.2
58.7
60.9
52.1
72.6
61.9
47.6
70.6
50.5
48.0
61.9
56.3
68.4
53.1
57.1
69.1
67.2
58.4
55.6
66.1
65.4
48.1
57.0
53.3
61.0
61.1
72.7
67.3
51.9
59.0
62.1
65.8
47.4
66.0
61.2
45.1
67.2
68.9
51.7
45.7
51.4
64.4
58.8
65.9
59.6
68.6
50.0
66.0
51.7
54.6
61.2
62.9
74.6
72.6
64.6
50.8
66.7
54.8
59.3
57.2
62.7
66.2
64.8
50.3
70.2
61.3
72.3
51.5
55.4
58.2
69.7
60.1
73.9
56.2
72.8
54.3
63.2
59.1
56.4
63.2
65.9
63.9
65.3
47.9
52.0
68.9
59.1
60.5
67.5
48.3
66.2
56.8
62.9
64.9
61.8
73.0
45.4
62.7
67.0
61.3
66.9
51.4
56.1
53.0
57.5
55.6
69.8
50.3
46.8
64.4
72.0
70.6
55.5
60.7
70.5
51.9
55.2
67.6
62.7
53.4
63.3
60.5
71.7
56.4
62.4
65.9
61.1
64.9
72.8
63.3
74.3
63.2
51.6
51.2
64.5
60.9
57.6
65.3
67.6
59.0
63.8
69.2
72.0
52.3
71.3
55.7
58.9
61.2
70.0
68.3
54.4
57.6
66.1
58.3
76.5
65.6
63.3
64.1
67.4
57.8
70.9
55.0
59.4
67.3
53.1
54.2
67.0
73.8
71.4
61.6
53.9
52.0
68.0
65.6
63.3
65.6
60.8
59.7
61.2
56.4
66.3
64.4
68.4
48.8
64.2
68.7
63.7
58.4
56.3
64.4
49.0
67.8
56.2
68.6
58.3
66.6
59.9
57.0
54.8
57.7
64.3
68.2
74.0
67.2
68.4
60.8
55.7
60.2
61.7
67.3
70.3
55.8
69.2
65.1
62.4
66.3
68.8
68.2
64.3
57.9
72.6
70.4
68.1
64.2
51.8
68.3
68.0
66.5
73.3
67.8
67.5
50.9
70.9
73.2
71.6
54.1
57.7
52.0
67.6
61.7
52.8
54.4
49.2
51.6
56.8
71.7
64.0
66.4
55.1
54.4
54.1
64.6
47.8
58.5
71.7
72.5
60.9
64.3
58.4
53.3
70.5
64.1
62.8
64.4
73.5
51.6
51.4
70.6
71.5
62.8
68.3
63.2
71.2
48.4
53.2
69.9
54.0
66.6
70.5
57.2
64.3
59.6
51.8
68.3
68.0
56.8
51.3
56.8
66.8
71.1
50.2
74.7
60.3
73.8
57.0
61.4
69.2
68.2
69.5
56.0
48.0
63.4
48.4
61.8
63.6
68.4
62.8
56.3
64.8
66.0
52.4
76.9
59.0
68.0
66.4
65.7
67.6
58.5
58.5
64.8
67.6
54.4
63.9
54.5
65.5
57.1
50.4
47.4
52.3
64.5
53.4
52.1
74.9
56.9
59.6
71.1
50.8
66.1
61.7
62.6
60.0
74.0
73.3
62.9
73.3
54.1
54.9
69.2
53.9
68.3
63.6
69.4
61.0
48.4
66.1
66.2
59.9
50.1
62.9
47.0
58.7
71.1
68.8
62.7
50.8
72.6
59.0
66.0
67.7
48.5
67.5
65.2
65.8
58.3
64.0
48.3
54.9
61.2
69.8
67.9
66.3
49.5
63.7
56.9
69.4
65.4
50.9
62.0
72.7
53.8
76.3
50.6
71.5
70.6
55.2
62.9
67.9
59.4
51.7
61.4
49.8
68.0
63.0
52.5
59.3
69.5
63.1
50.7
51.1
53.7
70.4
61.3
62.8
74.4
66.2
52.4
47.6
65.5
63.9
52.6
70.1
67.6
59.6
69.7
73.6
65.1
67.5
47.7
49.3
51.1
69.9
55.2
65.7
60.1
65.1
68.4
62.2
69.2
66.6
65.3
67.5
62.6
66.5
58.9
57.2
57.8
67.3
60.0
68.5
68.6
66.2
63.6
73.2
61.2
72.1
69.4
68.4
48.0
57.9
53.5
65.0
68.2
66.6
48.6
57.5
52.7
69.4
53.3
62.2
70.7
59.9
49.7
70.3
65.4
58.3
62.4
68.3
62.7
71.5
70.3
63.1
65.7
69.6
57.6
69.5
70.1
74.9
67.8
70.8
52.9
49.4
67.2
59.8
66.0
56.2
63.6
50.8
52.9
60.8
67.5
50.2
53.8
61.9
48.5
64.6
71.3
59.6
53.9
46.8
53.0
70.5
73.7
67.1
68.9
60.2
60.4
76.1
57.9
58.1
63.4
64.1
59.8
66.1
56.3
70.7
63.6
67.4
64.4
69.3
52.2
62.9
66.8
51.7
60.6
70.7
72.3
69.6
68.1
61.4
69.4
65.9
71.8
69.1
70.7
67.5
47.6
58.8
63.3
53.0
68.4
70.4
68.0
64.3
53.0
64.2
59.1
61.7
53.7
55.6
53.4
53.3
59.0
63.9
53.4
50.9
61.7
56.1
53.5
53.3
66.5
62.6
57.5
60.4
63.4
62.2
64.2
56.8
52.5
55.2
55.8
60.8
51.2
62.7
60.6
65.5
67.6
58.9
68.2
69.2
62.8
60.2
66.3
52.9
55.2
51.4
57.9
63.0
63.4
75.3
63.3
63.6
66.1
65.5
67.8
53.4
61.3
55.6
50.9
55.9
50.0
59.1
67.4
67.4
59.8
61.4
55.1
67.5
48.3
48.3
69.1
56.6
67.6
66.7
69.5
52.6
61.2
53.3
69.5
62.7
67.5
65.6
59.0
62.5
69.9
46.7
56.4
70.5
65.4
71.5
70.6
57.7
47.9
61.0
64.4
58.7
66.8
61.3
69.2
68.9
52.8
64.5
60.0
53.3
49.8
57.5
65.6
62.8
64.2
56.2
59.2
75.3
67.8
62.2
55.8
70.5
69.2
53.5
70.4
62.3
69.3
61.2
72.9
55.0
51.0
65.9
69.5
71.5
48.3
50.6
60.1
60.7
48.1
61.1
70.7
58.9
69.6
62.4
47.9
67.9
64.3
63.9
66.6
70.5
68.4
55.2
47.8
65.6
59.0
63.7
49.1
65.0
54.1
67.0
62.9
64.6
75.0
73.6
47.4
69.0
66.8
58.4
57.0
59.7
58.4
48.6
54.1
61.5
51.4
73.9
62.1
60.6
60.6
63.3
62.7
54.5
66.1
69.7
65.3
64.8
64.6
66.9
63.1
53.8
69.0
61.0
49.0
65.4
65.9
62.5
48.8
64.3
69.1
49.1
74.6
52.0
52.5
58.6
52.2
56.4
75.9
51.6
50.2
53.1
48.4
66.5
64.3
71.4
63.3
66.7
74.4
56.3
71.5
67.5
51.7
72.6
69.8
70.2
65.9
72.3
66.3
51.8
70.4
61.7
54.7
56.1
51.5
67.2
49.7
52.0
66.4
65.1
59.7
49.5
70.0
69.9
69.3
57.6
62.5
75.3
65.7
59.1
64.3
73.7
69.0
67.5
73.6
47.7
56.9
57.7
60.6
56.5
69.6
65.5
58.4
58.5
73.8
68.1
60.8
58.2
69.6
59.6
56.7
49.6
68.9
72.4
71.6
64.7
67.1
52.8
68.9
63.4
69.1
57.9
55.5
54.0
60.8
53.7
60.4
57.1
60.8
64.6
63.6
62.3
56.2
59.7
72.4
75.1
62.3
56.5
67.9
47.4
60.9
51.3
59.3
53.8
59.0
57.3
65.2
63.9
49.5
64.0
75.3
56.3
67.1
66.0
75.0
60.8
69.3
69.2
64.9
62.5
59.9
69.9
69.1
66.5
65.8
73.9
47.0
62.9
66.0
63.0
51.0
67.1
60.2
52.0
63.2
69.4
71.1
62.4
58.4
61.8
65.7
63.1
74.9
53.1
70.3
72.1
68.8
62.2
56.5
57.3
66.0
56.8
61.5
68.3
75.7
69.0
54.7
76.2
68.9
62.5
73.6
57.3
71.6
55.2
72.9
54.1
47.5
48.7
61.3
51.4
61.3
54.1
50.8
66.4
57.1
68.6
64.1
62.1
63.7
59.3
52.9
64.9
58.8
59.7
66.6
76.4
70.2
63.4
63.6
60.0
59.8
61.4
64.5
67.0
68.8
66.1
58.0
72.0
58.0
62.0
68.3
69.1
64.5
62.6
62.1
65.2
50.7
58.3
70.5
62.3
54.0
48.1
53.7
70.1
70.1
70.9
65.7
56.5
68.3
68.1
62.1
47.6
65.1
73.1
72.8
70.8
70.3
65.3
61.8
73.8
65.6
63.4
71.5
48.9
50.2
49.1
63.8
60.8
61.7
72.5
62.1
57.6
71.2
65.9
47.5
48.2
59.1
49.3
48.3
62.5
61.9
60.7
68.6
64.7
51.3
64.5
49.1
74.4
58.2
65.7
73.4
68.4
55.0
64.6
61.6
60.6
52.3
68.1
57.9
50.8
48.0
65.0
55.3
56.9
65.9
62.8
66.5
54.3
49.6
66.0
71.3
60.0
52.3
70.5
60.5
52.2
65.9
64.0
71.1
61.3
61.8
68.8
57.1
62.5
72.5
63.4
70.5
55.2
60.3
69.0
60.6
63.0
56.9
52.3
64.3
64.2
70.4
59.0
65.2
55.3
73.7
55.8
68.1
50.0
47.6
71.5
52.9
69.5
66.9
74.0
56.5
69.3
61.6
67.9
61.5
62.4
59.6
68.3
65.0
60.0
67.6
52.3
70.8
70.7
48.8
57.7
57.4
66.9
65.9
65.3
66.5
64.8
69.8
66.0
50.8
53.4
54.6
74.5
67.9
53.6
67.9
48.6
70.1
52.9
50.4
49.2
61.0
57.7
52.0
58.4
70.6
54.3
53.0
71.7
65.1
67.9
53.2
76.2
75.5
66.5
49.5
49.4
67.2
67.3
61.5
65.9
59.1
74.2
63.7
54.8
67.8
54.8
62.9
60.7
59.1
60.5
71.5
53.2
54.9
68.8
59.8
58.8
65.8
74.2
56.9
47.6
56.6
74.5
47.5
74.6
50.7
71.5
74.1
69.0
68.3
64.9
54.3
54.7
60.3
69.8
58.0
75.9
67.2
65.6
59.1
61.0
54.1
63.7
74.9
55.7
50.9
68.8
69.9
59.2
61.3
48.6
72.7
46.0
50.7
55.3
59.7
59.4
67.3
59.9
57.5
67.1
68.9
58.3
73.8
65.9
50.4
59.0
58.8
51.1
66.6
50.1
51.5
52.5
63.6
49.2
60.0
63.8
62.8
75.1
62.6
74.8
64.1
48.5
56.7
76.4
72.5
75.7
67.6
65.5
65.7
56.0
69.5
73.6
53.4
67.5
65.4
53.5
51.3
66.7
51.3
63.8
56.5
64.4
63.9
69.1
53.3
63.8
54.8
52.9
64.9
67.5
70.8
72.3
63.1
49.5
60.1
62.7
64.3
64.7
68.1
71.3
48.5
73.3
63.3
72.3
47.4
67.8
69.2
60.2
47.7
76.1
64.5
66.5
49.9
57.5
51.7
59.1
56.8
71.4
66.7
48.8
74.9
49.3
73.1
62.6
69.6
70.0
67.7
59.7
70.8
65.0
60.2
47.3
57.2
48.3
63.4
70.9
69.8
65.2
65.0
49.9
71.8
63.4
57.9
71.9
51.5
68.3
61.0
76.5
52.7
61.5
51.6
55.7
62.4
68.9
53.2
55.8
69.0
51.4
73.2
56.0
48.2
69.6
68.7
62.8
56.7
54.6
65.8
58.6
57.8
59.1
57.6
59.7
57.1
68.0
60.2
52.3
48.3
66.1
67.7
53.3
56.3
63.5
47.8
63.8
53.6
48.8
72.5
67.7
52.9
64.2
64.5
67.4
63.6
49.3
54.3
61.2
67.8
65.2
62.6
72.7
52.4
63.1
47.6
72.1
61.5
62.6
60.1
61.3
63.3
57.5
49.9
50.9
51.4
54.4
54.3
46.3
63.4
65.9
56.5
51.0
55.2
67.1
72.8
66.3
50.5
63.5
53.6
67.7
76.7
64.5
50.3
71.2
47.6
52.0
69.2
68.5
50.6
70.3
54.1
57.6
46.8
53.7
51.9
49.3
60.2
55.5
56.4
70.7
67.4
63.0
67.8
63.8
52.1
72.3
64.8
60.7
58.6
52.0
55.2
62.9
59.8
68.1
73.9
60.9
48.2
54.0
50.8
66.2
55.3
67.1
61.3
69.6
49.7
56.6
74.3
67.3
68.9
48.4
65.9
61.7
68.7
60.8
74.1
53.2
66.5
60.2
70.9
58.6
68.2
66.0
66.1
61.5
48.9
65.5
57.0
52.9
64.8
56.7
52.9
67.6
51.2
55.1
68.8
69.5
72.5
60.2
53.0
58.5
52.0
64.2
72.1
51.8
62.7
73.4
67.9
70.5
62.2
63.5
54.2
65.4
67.1
64.7
64.6
51.0
60.9
68.0
65.0
60.9
62.5
68.9
70.7
62.4
51.7
70.9
61.2
51.2
67.3
68.8
55.6
73.5
71.4
67.6
62.6
48.6
63.9
67.9
53.6
69.2
55.6
55.4
63.4
69.3
71.2
71.2
72.1
68.9
76.2
61.6
60.8
53.6
62.1
67.4
57.7
54.5
59.7
65.2
56.8
67.4
53.9
47.0
52.6
68.0
71.3
47.4
58.3
60.3
66.2
71.6
56.2
73.1
66.3
67.7
67.1
63.8
58.3
73.4
64.1
69.0
59.9
66.7
68.5
73.3
56.4
50.7
63.6
54.0
48.9
68.9
69.3
51.7
57.5
66.7
67.7
69.1
75.4
51.0
61.6
72.2
71.2
55.2
58.3
60.0
70.7
47.4
57.1
53.4
58.0
48.1
58.4
62.2
55.9
64.0
60.2
66.1
73.3
67.5
48.2
65.7
56.1
64.2
61.5
58.2
50.7
71.1
59.2
47.9
74.1
63.6
50.8
68.7
56.7
70.2
52.6
72.3
56.7
60.9
66.5
63.3
51.5
55.2
65.3
60.9
67.1
52.4
56.3
61.4
54.3
69.1
52.0
55.2
61.1
57.2
50.5
60.1
57.4
59.9
59.6
62.8
69.7
62.4
67.0
56.3
66.6
66.3
69.8
68.7
51.5
63.7
65.5
57.3
62.6
60.4
59.7
66.2
71.5
64.8
62.8
72.8
61.6
63.5
63.3
56.8
63.8
66.4
66.7
62.9
60.6
66.2
66.6
56.6
54.2
49.0
49.9
63.0
67.3
49.6
64.6
61.3
54.5
55.9
54.0
65.5
68.8
74.7
51.3
64.4
54.3
57.7
68.8
75.1
72.9
61.8
66.5
65.6
56.0
65.8
55.9
59.9
51.9
69.2
66.1
61.6
66.7
60.8
73.2
63.1
56.7
61.2
60.0
71.5
63.1
57.0
73.5
63.3
65.3
54.8
51.5
60.8
48.9
61.8
51.2
64.3
63.7
56.9
64.2
60.7
69.2
70.5
62.0
61.4
70.3
72.8
59.2
67.9
61.5
62.5
66.9
49.0
64.6
54.1
49.4
55.9
68.3
66.9
58.5
65.0
48.1
54.9
69.3
61.2
62.2
49.3
67.0
65.2
75.6
51.3
62.9
70.8
66.4
54.6
59.4
62.8
63.3
49.2
60.9
65.8
65.7
68.8
68.7
56.4
68.9
53.7
56.7
50.6
67.8
47.7
51.4
56.0
60.2
73.7
64.0
67.6
60.7
65.8
68.3
67.4
51.5
66.5
74.0
50.7
49.4
57.0
69.3
62.3
66.3
47.0
67.0
47.9
60.2
51.8
57.0
57.9
66.1
57.8
66.4
55.8
49.6
60.4
66.6
67.2
55.4
67.7
52.2
69.4
61.3
68.6
54.3
65.1
67.9
52.1
62.8
64.8
57.9
65.5
46.1
70.2
54.4
70.2
61.4
58.2
49.9
54.0
55.4
58.1
69.2
55.0
67.9
67.4
57.0
57.1
54.6
67.3
58.0
51.7
55.7
68.6
61.3
68.5
69.0
49.6
61.6
58.9
50.3
48.0
48.2
61.5
76.8
68.6
73.7
58.2
48.4
59.2
59.1
73.3
53.2
66.8
53.5
63.8
72.1
65.9
61.2
51.9
71.1
68.1
56.7
47.3
52.8
54.5
62.8
54.2
66.5
56.6
66.9
70.1
68.6
58.3
67.8
68.6
67.4
65.9
47.1
68.2
67.5
59.3
54.2
64.5
65.2
68.8
61.9
75.9
76.2
55.8
50.9
62.7
53.7
65.9
62.8
69.1
63.2
68.7
64.8
65.5
69.0
67.0
71.4
62.3
69.9
62.5
73.9
57.7
70.7
62.6
60.9
59.6
64.2
64.0
68.7
74.7
46.2
54.6
61.2
58.3
51.1
65.3
63.7
67.8
51.9
56.7
61.8
69.8
48.7
60.4
74.2
62.6
65.1
66.0
54.7
72.1
50.7
59.3
67.2
69.1
54.9
66.3
58.7
56.4
73.7
70.3
57.4
68.1
58.4
56.9
64.9
68.7
66.7
67.5
59.4
60.2
55.1
62.2
69.6
64.2
49.2
65.3
71.9
53.0
68.6
65.2
63.7
53.7
73.8
54.0
65.9
57.1
62.2
69.8
58.2
69.1
48.3
62.5
48.1
67.4
55.6
74.0
53.2
60.9
68.4
64.8
58.4
53.3
74.3
73.8
61.1
61.0
59.5
65.1
58.5
67.7
52.3
60.1
69.3
55.3
72.1
60.3
49.3
54.8
68.5
70.9
68.0
56.2
50.4
72.9
59.4
55.7
65.9
55.5
73.6
65.4
51.0
65.1
70.0
60.2
53.7
61.2
51.1
73.8
67.7
67.5
70.0
55.5
65.8
60.0
51.8
52.5
62.7
65.6
66.5
54.8
70.3
55.8
59.8
66.8
69.7
60.3
64.8
60.0
63.1
68.0
57.1
66.6
57.6
50.5
64.9
49.3
60.9
66.1
55.9
62.0
55.2
74.5
65.6
70.3
52.9
77.8
66.4
51.1
58.7
70.5
72.0
76.7
51.8
64.8
63.1
69.7
66.2
67.1
60.1
69.5
64.2
71.5
53.0
66.7
73.8
62.4
64.4
54.5
67.0
58.6
51.2
57.6
72.4
54.7
72.4
58.6
65.1
66.4
71.1
51.0
51.7
55.7
54.2
61.2
60.6
62.6
49.8
72.2
62.7
71.9
63.3
62.3
62.6
56.9
67.0
61.8
58.7
66.4
49.5
55.7
54.9
66.7
48.2
54.0
53.9
59.4
52.4
56.5
46.9
72.0
70.4
67.1
66.8
58.1
71.2
48.4
46.1
70.3
67.3
71.8
64.5
64.7
53.7
64.4
53.9
58.6
57.8
64.7
61.1
47.9
70.5
56.8
72.2
51.5
58.4
67.3
65.2
62.8
62.7
58.2
60.3
68.5
47.1
67.7
69.9
67.9
48.3
51.4
52.0
57.4
70.6
57.0
61.1
70.1
59.7
71.8
58.3
67.0
61.1
63.6
72.6
62.7
69.6
57.5
53.9
70.1
74.6
56.2
59.3
66.5
69.7
49.5
56.9
62.6
68.2
66.2
53.9
65.9
48.5
60.8
64.1
62.1
58.2
49.2
50.4
49.5
54.4
56.6
66.8
65.6
67.8
60.7
56.5
64.4
66.7
69.4
67.5
65.7
67.6
65.3
57.6
58.6
61.8
57.7
61.9
75.3
55.3
62.4
69.2
61.9
49.5
70.6
60.4
56.0
51.0
52.4
49.2
75.1
48.4
68.5
69.3
61.0
68.1
63.5
70.1
66.7
48.3
59.7
61.3
48.8
57.3
49.8
73.1
50.4
61.8
66.0
58.1
60.0
57.3
68.7
63.8
52.2
63.4
52.8
60.6
75.7
57.8
68.2
53.6
74.8
65.0
67.0
59.5
57.7
59.6
56.2
64.0
51.8
57.9
57.2
52.1
69.1
66.1
74.7
52.0
48.1
78.0
60.3
68.9
54.8
58.3
54.0
71.6
49.2
66.2
58.9
69.1
69.5
68.0
53.3
50.3
59.1
60.8
55.4
65.0
60.2
70.1
62.3
68.6
63.6
57.3
59.2
69.5
67.0
60.4
73.5
53.7
62.5
52.8
58.5
57.9
64.3
67.5
68.4
47.4
52.2
47.1
52.4
50.5
61.3
47.6
68.5
61.3
66.0
66.9
51.3
75.7
65.0
53.6
61.8
56.5
71.4
60.5
61.2
53.8
55.8
74.4
75.4
50.6
67.4
51.1
53.8
64.1
54.7
51.7
57.6
64.6
59.7
62.8
52.6
47.9
47.5
63.7
59.1
60.5
62.0
60.7
50.0
66.4
61.6
46.5
65.5
57.5
68.0
49.6
69.0
73.3
61.6
54.3
68.2
65.5
60.2
61.1
58.7
50.3
62.1
60.2
64.4
67.0
70.4
72.7
60.9
67.0
55.8
48.3
58.8
52.6
61.4
58.9
63.6
51.2
70.6
66.4
52.9
54.4
62.5
71.8
55.6
46.9
60.2
61.9
62.8
65.0
69.1
61.8
55.4
50.1
57.6
68.4
54.5
68.7
71.1
58.8
63.8
54.3
68.0
63.8
50.6
64.7
72.5
71.4
66.1
54.3
65.2
73.2
72.9
53.6
68.6
68.8
63.8
50.4
70.4
50.7
72.2
60.9
70.0
67.4
66.8
71.9
57.5
56.0
58.9
70.9
49.7
52.7
64.0
50.4
61.8
55.6
62.2
75.5
66.2
71.2
65.9
47.1
70.5
67.8
56.4
68.7
55.6
70.9
69.9
52.5
60.1
66.0
67.8
63.4
56.7
60.1
59.6
61.6
63.8
62.6
51.9
75.7
75.2
62.5
65.5
67.4
66.3
58.5
66.9
68.8
69.3
70.7
54.7
56.4
71.0
71.3
50.8
48.4
65.6
52.6
57.5
51.8
50.3
63.5
58.5
57.7
66.8
56.6
64.7
71.8
63.1
73.4
49.9
57.6
47.7
63.9
52.2
47.4
60.7
71.1
65.7
56.0
59.6
51.9
49.7
60.4
62.4
68.4
57.8
57.1
72.4
60.7
63.6
63.4
74.3
51.7
65.1
70.2
65.9
48.4
47.4
66.2
65.2
64.2
49.0
57.2
60.4
57.6
62.3
50.6
58.8
55.7
52.6
59.7
61.6
70.3
65.6
72.5
73.1
60.7
71.4
56.1
65.4
59.2
52.0
76.9
66.3
65.1
67.9
69.7
57.2
65.8
70.8
59.8
73.4
61.2
68.9
71.5
56.9
50.7
64.9
59.2
51.6
52.0
54.7
67.4
63.0
54.1
53.1
63.3
48.6
51.0
61.6
59.8
62.1
54.9
49.3
72.1
61.4
65.1
51.3
69.0
61.3
50.1
64.6
56.9
60.3
55.5
57.9
49.4
62.1
68.1
60.1
50.5
58.8
65.8
65.4
70.8
54.6
53.4
54.0
73.9
63.5
53.6
64.6
67.2
71.5
70.7
64.8
59.3
49.5
49.0
66.1
59.8
59.0
58.3
55.8
68.0
68.1
60.3
47.7
71.1
58.0
63.2
52.5
49.6
61.6
56.0
64.9
60.1
62.6
66.6
65.5
74.5
69.1
49.5
66.0
55.4
63.3
69.7
51.8
59.8
72.1
71.2
47.7
49.3
67.6
70.6
53.5
55.6
62.9
73.0
55.3
59.2
73.3
53.6
71.4
59.8
69.1
66.8
63.7
67.1
58.1
69.1
67.6
58.9
76.0
72.9
65.3
58.6
60.9
63.2
58.1
71.4
72.6
66.9
53.5
74.5
57.2
49.6
54.2
65.3
74.8
68.0
68.1
51.2
62.3
63.8
69.8
47.1
68.5
62.8
49.9
52.5
66.5
53.8
51.0
76.1
66.5
59.0
73.1
57.4
56.1
55.0
64.3
61.3
55.2
62.6
57.1
48.6
61.4
56.2
71.7
54.7
69.2
71.6
67.3
64.4
62.3
73.7
55.0
67.5
66.9
61.6
62.0
60.8
63.5
67.1
65.5
57.0
66.7
52.1
64.8
55.5
61.9
58.9
63.3
68.8
59.5
47.2
70.4
61.7
62.6
62.4
72.0
55.8
53.0
53.9
68.6
59.1
66.3
54.4
68.6
67.2
68.4
60.7
49.4
70.1
52.2
61.2
71.3
66.5
55.2
47.9
48.9
59.8
48.6
64.1
58.1
71.4
47.3
48.1
66.2
58.3
65.8
60.3
70.8
63.2
65.2
61.2
66.3
63.2
61.7
67.6
47.6
67.2
70.7
58.0
66.5
61.9
69.5
57.2
62.8
71.6
47.7
47.1
73.4
72.1
57.1
50.6
48.2
62.8
68.2
48.6
69.2
65.6
67.2
68.8
53.1
67.1
51.5
55.5
52.5
65.9
54.2
62.7
63.3
66.1
56.3
48.9
57.4
64.8
65.1
64.6
62.2
54.3
50.7
60.0
46.7
69.4
74.9
67.9
67.1
70.6
56.5
70.0
70.6
52.7
65.8
50.9
62.7
49.3
63.2
67.7
50.2
48.6
62.8
67.1
71.8
68.9
54.7
67.8
49.1
55.3
62.4
62.6
68.5
52.8
60.4
60.0
48.3
60.6
65.6
60.7
56.9
62.6
63.0
54.2
58.7
50.7
67.8
59.6
53.4
69.5
67.4
66.9
70.7
49.4
67.8
70.8
58.9
68.6
63.9
56.0
69.0
73.7
58.5
64.4
60.5
56.2
65.8
73.6
62.4
73.3
54.1
71.9
61.3
70.8
56.1
61.1
53.6
64.4
51.8
65.9
62.3
61.9
61.7
47.5
66.1
63.1
55.3
50.2
50.4
52.4
64.5
51.9
52.2
67.3
69.8
52.4
65.6
66.0
60.8
66.7
68.3
57.8
65.4
72.1
54.8
51.8
71.6
60.6
58.1
73.5
55.4
66.5
72.0
68.1
59.3
62.1
72.0
58.0
69.6
50.2
62.3
66.5
61.7
48.8
51.6
60.4
66.0
46.2
54.5
54.7
50.7
49.1
57.5
57.4
60.9
72.2
56.2
57.8
64.4
51.3
54.1
58.7
72.8
52.5
59.0
51.2
57.5
55.8
69.6
63.0
74.1
66.1
69.2
53.7
52.5
68.2
61.6
65.4
66.7
53.6
58.3
67.8
67.3
50.6
50.8
49.8
53.6
66.4
67.0
58.3
66.1
68.6
54.6
63.5
75.6
66.4
66.4
62.9
67.4
71.9
53.2
51.2
49.6
62.4
63.0
50.4
57.7
68.8
61.0
67.4
66.5
69.7
49.4
62.8
51.0
76.7
65.6
65.2
67.0
68.5
51.8
50.7
60.8
64.5
52.6
64.2
69.5
61.6
76.8
63.0
71.3
62.2
74.6
50.3
65.1
48.7
59.2
53.2
58.7
67.9
69.3
70.7
69.7
68.9
69.1
71.8
75.9
62.0
62.5
55.9
59.1
69.1
65.6
61.5
64.5
51.9
69.0
53.1
77.1
69.8
73.2
56.2
71.0
55.4
49.5
52.6
54.8
65.7
64.1
61.9
57.0
59.5
59.1
68.5
67.6
65.3
53.4
71.1
65.3
61.7
58.4
68.7
69.3
57.5
64.7
59.1
69.1
62.5
66.4
66.5
54.0
61.6
72.7
48.3
64.9
66.6
68.6
68.5
71.6
49.3
52.5
59.6
52.9
58.2
75.3
48.3
52.8
71.2
65.6
69.3
61.2
67.3
62.3
67.1
70.5
70.7
70.8
59.9
51.0
64.2
51.7
66.7
64.1
68.0
50.3
54.0
57.3
61.3
68.1
61.9
59.8
62.9
70.1
61.9
68.9
70.3
70.6
55.8
65.1
72.7
61.4
57.0
63.2
62.0
59.5
71.4
59.3
65.5
56.4
57.4
66.7
60.0
58.1
67.1
59.7
75.8
67.2
65.0
57.0
59.9
62.2
75.2
67.5
57.2
61.0
66.2
49.6
59.2
63.4
53.1
62.4
48.3
52.3
57.3
60.2
62.9
73.7
72.1
51.9
63.7
66.5
59.3
68.9
64.3
70.0
50.7
68.8
53.8
57.1
74.1
53.7
61.7
69.8
69.9
64.0
58.6
56.2
60.1
58.0
68.3
66.4
65.2
63.5
49.0
61.2
51.1
63.0
55.2
59.1
73.1
60.0
60.4
53.5
69.6
63.5
52.3
49.0
57.0
50.5
48.9
63.2
64.4
61.3
70.6
51.0
58.6
54.5
65.1
65.1
70.5
63.7
66.3
55.0
65.8
72.7
54.5
73.1
55.8
57.0
69.2
64.7
72.8
54.3
51.1
59.2
62.2
63.8
71.7
56.7
59.8
57.4
70.1
69.7
56.0
64.7
48.4
63.9
71.6
54.1
72.0
65.6
68.5
69.5
70.5
65.9
62.9
54.2
72.5
60.9
57.1
68.8
70.7
61.5
64.1
70.8
51.7
65.9
68.6
64.8
63.7
53.8
70.6
63.9
56.2
77.3
71.2
73.4
71.1
48.1
64.5
73.8
62.3
57.0
51.8
68.0
68.0
74.8
52.7
66.4
51.1
72.2
62.2
63.6
77.9
51.2
65.8
53.4
61.1
67.6
79.3
62.1
53.9
55.0
58.1
66.1
62.0
57.3
51.1
60.5
65.3
61.0
52.7
64.9
50.7
57.7
59.0
58.0
66.7
54.3
59.6
53.8
75.3
64.1
49.6
59.9
50.6
54.8
62.5
54.0
54.2
54.7
65.6
48.3
77.0
66.7
68.0
73.1
61.0
53.4
56.4
62.1
49.4
65.0
70.3
68.8
59.5
66.5
67.3
60.7
65.2
59.3
62.5
66.3
55.4
68.1
71.2
64.9
60.4
58.2
63.1
67.1
63.5
58.6
68.3
67.4
61.3
55.2
48.5
66.6
53.8
62.5
55.6
63.6
66.8
54.5
65.7
53.6
53.1
68.2
59.0
57.6
68.6
56.7
63.3
59.7
54.6
69.8
54.5
70.6
66.7
60.1
67.8
66.7
57.2
55.2
50.3
68.6
65.2
63.8
67.6
70.4
72.0
55.2
68.6
54.1
51.5
76.0
57.7
50.4
67.1
60.2
60.8
62.5
53.1
56.4
52.0
68.7
73.7
49.6
65.3
62.9
61.3
63.0
73.9
65.1
68.1
57.2
62.4
68.7
72.2
61.0
56.6
58.0
75.3
50.2
57.1
50.4
51.7
56.3
75.5
56.6
70.7
61.1
68.3
60.8
48.2
69.7
68.5
60.6
66.9
60.7
55.3
59.9
64.1
58.7
49.9
69.6
72.7
49.6
67.9
57.5
68.7
53.4
69.4
57.3
64.6
57.7
77.2
65.1
58.5
57.4
60.2
58.2
53.2
63.6
59.3
59.9
54.6
62.2
57.4
75.1
60.1
60.1
67.6
53.4
74.1
56.7
59.3
57.5
67.6
58.6
65.1
51.9
52.1
50.8
56.7
62.4
60.5
65.2
72.2
59.8
62.2
57.8
65.3
72.7
54.8
63.8
68.1
61.2
62.9
56.5
49.7
67.3
62.8
75.4
62.8
65.4
62.3
53.1
64.9
65.2
59.1
71.2
50.1
55.3
48.3
71.2
60.1
60.8
74.2
69.4
49.4
68.9
60.1
52.8
64.6
65.7
49.0
67.2
54.4
52.5
72.4
68.4
51.9
65.7
58.0
71.5
59.3
49.5
76.6
74.9
69.6
69.9
67.4
68.7
62.4
57.3
66.8
53.6
61.2
67.1
57.6
53.0
77.9
55.0
75.8
60.3
51.5
47.3
60.8
68.8
55.2
57.0
54.0
53.3
66.3
55.9
51.6
60.2
48.8
59.6
72.7
63.6
74.3
75.2
56.5
62.7
58.2
67.6
61.0
62.8
57.7
65.7
50.6
52.5
59.7
68.9
68.8
60.8
63.0
63.2
62.4
67.1
58.7
66.3
54.9
61.7
53.2
64.3
51.6
47.7
75.2
65.7
70.8
61.3
66.6
59.0
65.5
55.6
61.9
64.0
62.9
62.1
64.0
62.0
66.1
53.2
68.7
73.5
71.8
73.4
57.0
60.1
64.8
63.9
64.4
50.9
65.6
63.6
64.0
70.2
74.3
67.8
66.2
73.6
57.8
59.9
69.6
69.4
61.0
60.8
63.4
63.4
50.3
66.9
65.6
67.4
59.5
51.4
69.1
53.8
62.2
68.8
64.1
69.5
54.6
47.9
62.7
68.6
63.8
52.4
50.4
56.7
57.4
68.8
53.3
67.3
56.8
56.2
68.5
67.9
64.3
70.1
72.0
59.1
58.7
70.2
60.3
67.8
54.8
59.8
76.0
58.9
67.0
66.1
52.1
71.8
74.3
66.3
68.0
63.7
71.6
61.3
59.6
61.6
67.6
70.4
58.4
66.6
58.1
66.8
73.5
69.2
67.3
63.7
56.9
53.9
71.3
67.4
65.2
57.7
64.7
58.8
51.3
65.7
59.7
75.6
65.2
52.9
61.3
68.1
61.4
64.7
68.5
72.9
66.1
72.2
49.9
64.3
68.6
63.2
68.2
66.9
68.8
52.7
57.4
66.7
66.7
68.1
74.2
60.0
65.8
55.2
73.4
53.9
63.8
51.4
63.2
58.1
61.6
66.7
71.1
69.6
63.5
50.6
49.4
68.0
58.2
66.5
69.2
67.3
62.1
62.9
58.5
60.9
67.2
54.3
69.1
60.3
69.0
71.0
56.2
66.1
70.8
62.5
53.5
74.8
68.0
69.3
53.1
52.5
70.1
65.6
55.7
57.6
48.6
61.1
51.1
54.7
63.9
68.5
68.2
52.8
70.5
63.3
48.1
56.5
64.9
59.1
70.3
67.2
66.9
50.0
56.9
62.6
57.6
49.0
70.0
64.0
63.5
47.5
53.9
66.2
64.5
56.1
57.0
67.8
55.4
48.3
77.8
65.1
53.5
63.9
75.8
72.0
65.4
59.0
55.8
64.8
61.3
74.1
59.3
55.7
63.0
49.1
68.8
50.3
58.3
67.0
57.5
64.4
69.3
54.8
61.5
50.0
64.2
65.6
53.3
53.9
62.4
62.7
70.5
67.9
51.5
51.7
60.4
54.5
55.8
57.1
47.9
64.7
51.0
53.8
69.0
66.5
74.1
62.7
73.3
56.0
78.4
67.3
51.4
71.2
68.5
64.6
49.0
59.0
70.0
73.4
58.0
53.2
59.1
61.4
71.0
72.9
69.3
52.6
70.3
73.4
65.8
54.4
64.9
51.1
65.9
65.0
63.6
59.9
71.1
74.2
72.5
61.1
72.2
59.9
73.3
71.2
69.0
66.4
65.3
72.0
67.5
65.1
63.1
66.1
55.7
60.5
51.8
67.3
73.1
69.6
54.7
64.6
73.3
69.4
54.4
60.9
68.8
60.4
51.8
64.7
66.1
62.8
51.8
58.1
49.0
49.9
63.3
67.0
68.5
53.2
62.0
53.4
57.3
54.1
65.6
50.8
67.7
71.4
67.2
61.0
69.0
72.0
52.4
54.5
64.8
52.0
70.2
73.1
53.0
70.4
66.7
66.1
57.6
61.1
64.6
69.2
65.2
57.8
56.7
72.4
67.8
58.4
49.8
64.6
66.2
69.4
72.5
60.0
48.3
60.7
56.3
69.4
67.7
65.0
64.1
61.8
70.4
63.2
55.8
73.2
69.5
64.7
57.2
66.4
69.5
55.4
63.3
66.6
56.8
51.4
49.5
59.8
63.9
66.9
58.1
67.7
59.0
61.4
67.1
61.2
57.7
53.3
63.5
64.4
52.3
71.3
65.3
65.0
49.0
54.5
64.3
51.9
58.2
61.2
55.1
53.3
50.0
49.5
55.7
53.9
67.2
51.7
63.6
51.6
50.5
63.1
56.4
54.1
59.1
65.7
55.0
62.1
57.7
50.6
71.8
52.6
61.1
57.5
69.7
55.7
59.0
65.2
66.2
52.4
59.5
52.4
67.2
60.2
67.1
69.4
63.9
72.5
67.5
68.1
62.3
74.7
62.8
51.4
57.5
63.3
61.8
51.3
53.5
56.6
51.4
67.1
69.1
68.4
56.2
71.9
50.5
61.4
53.5
56.6
58.7
60.3
63.4
65.6
64.7
63.1
71.7
71.5
54.0
67.9
74.5
60.9
72.4
64.2
69.3
58.0
77.4
49.0
73.2
52.5
56.5
57.1
51.5
67.5
57.5
59.1
63.5
62.7
61.9
49.8
67.6
55.6
74.1
69.9
57.7
54.5
50.9
65.0
73.1
69.0
60.9
72.4
68.7
56.6
59.6
47.3
67.8
58.4
59.6
76.4
66.8
61.7
46.9
58.1
54.3
52.8
59.3
70.7
66.2
68.0
49.9
65.4
70.4
76.2
53.3
60.4
51.4
49.7
73.5
66.9
55.5
62.8
57.0
49.9
66.2
67.7
63.9
54.6
51.5
57.4
59.5
53.7
49.5
59.4
57.2
49.8
77.5
68.5
69.5
66.8
59.9
58.3
55.7
57.7
60.8
55.7
60.2
68.6
57.0
72.2
68.0
50.0
63.4
65.8
69.6
67.4
50.0
68.5
61.6
48.8
65.3
56.5
68.4
60.8
58.2
54.7
58.9
65.6
67.7
57.4
70.6
64.4
56.8
52.4
66.9
58.7
59.8
52.4
58.0
56.9
68.2
54.1
73.0
55.3
56.3
52.4
74.1
51.1
60.7
48.8
65.6
65.7
71.4
63.2
73.0
61.4
63.3
60.0
69.7
59.4
56.8
67.2
67.6
62.1
53.6
59.9
69.5
65.2
69.6
58.0
78.2
56.5
59.9
62.9
51.8
67.6
63.5
62.4
67.5
64.6
68.4
56.5
61.0
66.5
58.8
69.1
76.7
51.0
48.6
69.1
50.9
62.6
70.3
61.4
71.8
65.1
76.2
55.1
52.7
57.0
59.8
69.5
72.9
54.0
52.3
51.6
67.8
63.3
56.9
69.2
69.7
70.5
60.4
69.4
63.1
51.4
74.2
60.8
48.0
64.3
51.9
64.7
59.7
63.7
73.5
64.0
72.4
62.4
57.5
59.3
67.5
62.9
60.3
73.8
59.7
73.4
49.1
72.0
66.0
68.4
67.5
60.3
49.5
67.1
63.1
52.0
60.5
67.1
61.0
63.6
56.5
69.7
62.0
57.4
64.4
66.2
66.2
49.6
66.3
69.9
55.9
51.5
55.3
57.7
64.2
69.4
53.0
58.1
53.3
62.9
50.9
67.2
69.9
55.0
61.4
50.2
56.2
66.9
53.7
66.3
51.8
72.8
58.8
66.0
67.8
63.7
64.5
59.7
58.0
65.8
72.6
63.9
69.0
75.2
69.0
54.5
54.5
61.1
51.4
58.0
63.9
69.0
63.3
57.4
57.8
69.1
55.8
58.0
62.0
55.5
55.9
47.2
53.0
76.3
68.2
69.6
75.9
68.4
63.1
64.9
59.6
50.8
48.3
67.8
68.9
55.9
61.8
64.6
51.5
54.3
68.8
73.1
72.5
68.9
62.0
58.0
66.0
71.4
70.7
64.5
56.4
57.4
52.5
54.5
68.8
58.7
60.7
65.0
62.5
76.7
58.6
67.1
57.6
64.6
52.0
59.4
63.0
48.7
70.4
60.4
70.4
60.1
60.4
70.9
56.3
51.8
57.7
74.7
50.0
72.9
51.1
61.6
72.1
63.5
64.7
55.5
68.6
53.6
67.2
52.9
67.7
62.4
64.5
64.4
65.6
58.9
69.8
63.5
73.7
60.1
68.8
68.9
71.4
68.8
55.7
58.9
50.2
52.6
64.4
53.4
63.2
70.8
61.6
56.4
58.3
53.4
67.5
68.1
63.0
63.7
74.7
48.4
69.5
50.3
48.7
56.1
53.0
49.3
67.9
56.8
69.0
57.8
56.6
53.0
67.7
67.3
65.6
57.4
69.8
55.2
59.3
67.6
58.8
69.7
73.5
50.3
70.2
63.8
71.2
67.9
59.8
58.3
64.4
72.3
65.7
52.9
52.2
48.6
54.0
50.6
54.2
61.6
71.5
59.8
55.9
49.7
64.6
65.4
72.0
65.0
62.6
60.9
54.8
56.2
59.6
61.4
59.9
52.7
56.3
51.1
70.2
66.1
68.6
64.8
64.0
70.2
67.8
56.3
60.4
56.8
63.6
70.3
52.5
63.9
63.6
65.7
69.0
62.5
67.5
68.0
73.6
58.8
74.6
63.4
52.6
50.4
67.2
55.2
63.7
48.5
64.1
53.5
62.5
54.4
60.0
51.2
67.7
65.5
68.4
59.8
69.7
62.1
67.8
66.8
68.7
55.4
66.3
49.7
52.9
59.9
62.4
49.1
56.5
57.8
74.4
62.4
58.5
54.6
60.3
55.3
58.1
57.0
55.8
63.3
67.2
72.7
71.7
64.4
59.3
70.9
61.5
68.8
54.6
55.6
51.1
62.0
64.3
66.6
66.3
69.1
64.1
58.6
64.9
68.1
55.9
61.9
66.5
69.4
51.8
54.4
51.2
54.1
70.7
51.5
68.1
64.1
68.5
52.4
61.0
66.1
66.6
62.6
53.5
48.1
56.9
72.1
59.9
59.7
61.7
66.5
71.3
54.0
48.5
49.5
65.1
76.4
57.6
59.9
63.2
68.5
61.0
56.0
64.3
50.1
60.5
67.7
59.4
72.2
52.0
69.1
73.2
59.1
62.6
59.0
66.9
48.6
64.5
66.9
52.0
53.7
49.0
64.8
73.7
73.4
57.5
67.9
63.3
53.5
67.8
67.5
70.1
60.5
58.3
62.4
53.8
74.6
66.6
70.1
64.7
62.6
70.1
74.3
69.0
47.5
57.0
61.3
66.5
67.8
61.3
65.0
58.9
66.3
48.5
57.2
60.0
75.3
58.1
59.1
61.9
51.0
61.6
57.3
60.7
69.1
71.0
53.2
66.6
69.3
58.0
59.1
48.0
65.2
59.3
67.3
68.2
54.0
52.9
68.0
54.0
50.3
69.0
60.5
63.5
63.6
56.1
67.5
67.5
56.4
61.1
57.1
62.0
65.1
54.3
53.0
71.2
52.9
48.6
68.9
72.8
64.8
71.4
63.7
54.5
69.9
64.3
64.8
52.0
73.3
68.7
67.2
63.1
67.0
65.4
65.0
69.3
50.9
68.5
55.1
59.6
59.3
72.9
69.9
73.6
60.9
61.1
68.3
62.9
54.9
63.7
52.2
73.3
50.6
53.3
70.6
58.1
72.6
70.7
50.0
69.1
66.7
55.6
71.0
49.3
68.4
58.1
64.5
57.1
70.6
52.4
66.7
58.9
60.2
56.4
54.4
72.5
76.0
49.8
52.0
57.0
56.9
75.2
63.1
59.6
69.5
62.9
64.6
56.9
71.3
55.3
52.6
66.8
64.8
58.4
70.6
67.4
67.9
70.9
63.0
61.0
60.8
67.9
75.9
50.9
59.0
62.5
59.9
64.0
56.0
54.5
72.0
50.8
58.1
76.2
58.6
73.3
57.6
53.5
51.4
60.7
56.0
69.2
57.7
58.5
61.0
53.9
74.8
53.0
69.2
56.2
65.9
68.2
66.4
65.3
66.6
51.2
66.3
70.3
71.7
65.4
55.3
63.0
64.4
62.4
70.6
56.3
73.7
49.2
51.8
60.8
51.0
50.3
67.7
57.1
73.0
59.3
70.9
60.3
55.0
58.8
77.3
64.8
53.7
55.7
65.7
60.7
67.8
70.3
54.9
50.3
55.6
58.4
57.0
69.0
72.6
52.6
53.8
56.1
57.9
54.7
51.0
69.6
60.4
75.1
63.7
48.4
66.4
72.0
76.2
71.9
52.2
63.7
72.0
64.6
68.9
75.4
74.0
55.1
71.7
51.4
60.0
69.8
72.6
63.4
51.2
59.0
54.4
62.2
68.7
55.2
54.0
77.1
72.5
69.6
63.9
63.0
65.0
62.6
58.0
76.6
65.8
55.7
73.8
64.3
71.9
49.2
67.0
54.1
63.5
72.9
68.2
65.2
52.5
68.6
58.7
64.5
68.8
65.5
75.5
61.0
63.8
67.5
70.4
62.2
51.5
50.2
57.7
58.8
58.8
65.1
63.5
68.4
70.4
62.5
65.7
48.4
62.9
51.3
66.2
69.5
49.4
68.7
67.9
60.5
64.0
71.9
64.9
73.7
54.8
74.0
69.7
66.1
61.6
60.1
74.1
65.0
68.9
60.3
51.0
72.7
54.5
75.6
69.4
62.4
68.9
53.8
46.6
56.8
66.8
62.4
59.4
55.8
76.3
63.5
51.5
60.0
62.8
59.0
69.5
50.4
65.0
63.0
66.3
66.5
48.7
51.2
59.1
67.4
54.1
65.1
68.1
52.0
69.9
58.7
66.9
48.5
63.3
65.5
71.3
64.1
57.6
61.5
66.2
55.8
69.9
65.4
64.5
66.8
61.2
68.4
65.1
70.1
70.5
76.1
65.6
60.3
71.1
52.4
51.1
69.6
